bleu: 50.279950462267216
chrf: 72.63523644762262

bleu: 51.089450809029756
chrf: 73.03733972278948
